73
378
849
544
966
494
316
809
626
654
850
823
946
941
121
237
919
373
475
712
713
591
253
812
793
633
696
319
782
492
128
55
74
683
323
234
777
235
610
825
433
284
718
893
559
779
832
598
285
435
707
951
549
786
902
487
226
202
124
396
189
209
652
785
362
122
115
392
199
301
819
293
547
197
156
874
5
496
618
443
12
263
523
959
935
364
76
998
745
196
125
534
583
508
436
182
808
245
19
507
738
50
120
468
621
563
307
601
407
335
354
484
936
527
274
305
422
332
255
879
875
341
397
352
303
444
218
174
1
2
3
4
6
7
8
9
10
11
13
14
15
16
17
18
20
21
22
23
24
25
26
27
28
29
30
31
32
33
34
35
36
37
38
39
40
41
42
43
44
45
46
47
48
49
51
52
53
54
56
57
58
59
60
61
62
63
64
65
66
67
68
69
70
71
72
75
77
78
79
80
81
82
83
84
85
86
87
88
89
90
91
92
93
94
95
96
97
98
99
100
101
102
103
104
105
106
107
108
109
110
111
112
113
114
116
117
118
119
123
126
127
129
130
131
132
133
134
135
136
137
138
139
140
141
142
143
144
145
146
147
148
149
150
151
152
153
154
155
157
158
159
160
161
162
163
164
165
166
167
168
169
170
171
172
173
175
176
177
178
179
180
181
183
184
185
186
187
188
190
191
192
193
194
195
198
200
201
203
204
205
206
207
208
210
211
212
213
214
215
216
217
219
220
221
222
223
224
225
227
228
229
230
231
232
233
236
238
239
240
241
242
243
244
246
247
248
249
250
251
252
254
256
257
258
259
260
261
262
264
265
266
267
268
269
270
271
272
273
275
276
277
278
279
280
281
282
283
286
287
288
289
290
291
292
294
295
296
297
298
299
300
302
304
306
308
309
310
311
312
313
314
315
317
318
320
321
322
324
325
326
327
328
329
330
331
333
334
336
337
338
339
340
342
343
344
345
346
347
348
349
350
351
353
355
356
357
358
359
360
361
363
365
366
367
368
369
370
371
372
374
375
376
377
379
380
381
382
383
384
385
386
387
388
389
390
391
393
394
395
398
399
400
401
402
403
404
405
406
408
409
410
411
412
413
414
415
416
417
418
419
420
421
423
424
425
426
427
428
429
430
431
432
434
437
438
439
440
441
442
445
446
447
448
449
450
451
452
453
454
455
456
457
458
459
460
461
462
463
464
465
466
467
469
470
471
472
473
474
476
477
478
479
480
481
482
483
485
486
488
489
490
491
493
495
497
498
499
500
501
502
503
504
505
506
509
510
511
512
513
514
515
516
517
518
519
520
521
522
524
525
526
528
529
530
531
532
533
535
536
537
538
539
540
541
542
543
545
546
548
550
551
552
553
554
555
556
557
558
560
561
562
564
565
566
567
568
569
570
571
572
573
574
575
576
577
578
579
580
581
582
584
585
586
587
588
589
590
592
593
594
595
596
597
599
600
602
603
604
605
606
607
608
609
611
612
613
614
615
616
617
619
620
622
623
624
625
627
628
629
630
631
632
634
635
636
637
638
639
640
641
642
643
644
645
646
647
648
649
650
651
653
655
656
657
658
659
660
661
662
663
664
665
666
667
668
669
670
671
672
673
674
675
676
677
678
679
680
681
682
684
685
686
687
688
689
690
691
692
693
694
695
697
698
699
700
701
702
703
704
705
706
708
709
710
711
714
715
716
717
719
720
721
722
723
724
725
726
727
728
729
730
731
732
733
734
735
736
737
739
740
741
742
743
744
746
747
748
749
750
751
752
753
754
755
756
757
758
759
760
761
762
763
764
765
766
767
768
769
770
771
772
773
774
775
776
778
780
781
783
784
787
788
789
790
791
792
794
795
796
797
798
799
800
801
802
803
804
805
806
807
810
811
813
814
815
816
817
818
820
821
822
824
826
827
828
829
830
831
833
834
835
836
837
838
839
840
841
842
843
844
845
846
847
848
851
852
853
854
855
856
857
858
859
860
861
862
863
864
865
866
867
868
869
870
871
872
873
876
877
878
880
881
882
883
884
885
886
887
888
889
890
891
892
894
895
896
897
898
899
900
901
903
904
905
906
907
908
909
910
911
912
913
914
915
916
917
918
920
921
922
923
924
925
926
927
928
929
930
931
932
933
934
937
938
939
940
942
943
944
945
947
948
949
950
952
953
954
955
956
957
958
960
961
962
963
964
965
967
968
969
970
971
972
973
974
975
976
977
978
979
980
981
982
983
984
985
986
987
988
989
990
991
992
993
994
995
996
997
999
1000
