460
460
460
460
298.458001816892
460
460
460
460
460
460
303.028279871499
460
460
460
460
460
460
323.688679615398
460
460
460
460
460
460
460
460
460
460
460
460
460
460
460
460
460
460
460
460
460
460
460
460
460
460
460
460
460
460
326.73918426278
460
460
460
460
221.041350942802
460
460
460
460
460
460
460
460
460
460
460
460
460
460
460
460
460
20.5928832292557
223.197637127523
460
310.597872431393
460
460
460
460
460
460
460
460
460
460
460
460
460
460
460
460
460
460
460
460
460
460
460
460
460
460
460
460
460
460
460
460
460
460
460
460
460
460
288.620563382226
460
460
460
460
327.405684551938
157.288949952824
288.346690937402
460
282.372376288526
313.80430145472
460
460
220.555831747309
460
460
460
460
460
460
460
460
460
460
460
460
460
460
460
460
460
460
460
460
460
460
460
460
460
460
460
297.07701153269
460
460
460
460
460
460
460
460
460
460
460
460
460
460
460
460
460
359.120165825579
460
460
460
460
460
460
460
317.470532627803
460
460
460
460
460
460
284.765377461
460
460
460
460
460
460
313.597618889085
295.121528364991
460
292.58262721182
460
460
281.826160391017
460
460
460
460
460
460
285.037929560786
460
460
460
460
460
460
460
460
356.728002028963
460
460
460
460
460
460
460
277.953252284052
460
460
460
460
460
460
460
229.849830799774
233.415388201039
460
165.291905374051
460
460
460
460
460
460
460
322.802539513936
460
460
460
460
460
460
460
208.411857664995
460
346.39550670943
460
460
460
460
460
460
460
303.340922682855
460
460
460
460
460
460
460
460
460
460
341.638880034547
460
460
460
460
460
460
460
460
460
240.142379777817
263.588427812498
460
460
460
460
460
460
460
294.004733469864
460
460
460
460
460
460
460
292.719010635562
460
356.165678153763
460
342.055272519155
460
331.065578914188
460
460
460
460
460
460
460
460
123.823899621621
460
460
214.784971258648
460
460
460
227.189822239768
460
460
460
460
460
460
460
460
344.150937805724
460
460
338.160486565008
460
460
460
460
460
351.614495489585
460
460
460
460
460
460
460
460
460
460
354.188196016757
460
338.294934756126
460
460
460
460
460
460
460
288.015908650352
460
310.368685283152
460
460
460
460
460
460
460
460
175.712539503521
460
460
460
460
46.1682786963058
460
460
460
460
460
460
460
460
460
460
460
460
460
291.000906647194
460
460
460
284.002648777407
351.641947305337
460
460
460
460
460
460
460
460
460
336.941270876503
460
460
460
460
460
460
460
460
460
460
460
460
460
460
342.69542548764
460
460
460
460
460
460
460
460
460
460
236.872545425987
460
266.913760001835
317.386792915877
460
460
460
460
460
460
302.886399722368
356.508153915105
460
460
460
460
460
460
460
460
460
460
460
460
460
460
460
460
460
460
460
460
460
460
460
328.224346138766
460
460
460
460
460
460
178.698925378107
460
460
460
460
460
460
460
460
338.905907380805
460
460
273.95183038831
460
460
460
460
219.142587045473
460
114.041020873578
460
300.914082379494
460
460
460
460
460
460
460
460
460
460
323.852447032444
316.629622769526
460
460
460
460
460
460
460
460
460
460
460
460
460
460
305.138481682313
460
460
460
340.492780580032
460
460
460
460
460
460
314.002503830728
460
460
460
460
460
460
460
460
460
74.4423099398681
460
460
295.021756007819
460
272.152835672234
460
460
460
460
460
460
460
460
460
248.060221440477
460
460
460
329.819670136306
460
460
460
460
460
460
460
460
460
460
460
460
460
460
460
460
460
460
460
315.254134516602
460
460
460
460
460
460
460
201.117092948039
460
460
460
460
460
460
259.94287080147
460
460
333.519022702403
460
460
460
460
460
460
460
460
234.387216671081
460
460
460
460
460
460
460
302.136415205098
460
460
328.561410650206
460
460
460
460
126.762916499301
460
460
460
460
460
460
212.475826798079
460
460
460
460
460
460
460
460
460
460
460
460
460
460
460
460
460
460
287.408964889287
460
128.867499505119
460
460
460
460
460
460
460
460
460
460
460
460
460
460
460
460
460
460
460
460
460
460
460
460
460
460
460
460
226.910951456935
460
460
460
460
460
460
460
460
460
460
460
460
213.351362521648
460
460
460
460
460
460
460
460
460
460
271.20765522205
460
460
460
460
185.219011917299
198.116869337309
460
460
460
460
240.792194529361
460
460
460
460
460
460
460
460
460
460
460
460
460
460
460
460
460
460
460
325.133515608099
460
460
460
460
460
460
311.978182517863
460
460
460
460
460
460
460
460
460
460
460
460
460
460
460
460
460
460
460
460
460
460
460
460
460
460
460
460
460
460
460
231.84843293262
460
249.403406925475
460
460
218.392498800887
460
460
287.57743138301
273.406813888899
460
460
460
460
460
460
210.417242518377
460
460
460
460
460
460
460
460
460
460
460
460
460
460
320.394067176468
124.362925795213
460
460
208.501135113472
460
460
460
460
460
460
293.497805675639
460
460
460
148.722826139143
460
236.194318823
460
460
460
460
460
460
257.465571414567
460
460
460
460
460
460
460
460
460
460
460
460
460
460
460
460
61.1332830224465
133.755506501466
460
460
460
460
460
460
460
460
460
460
460
460
460
460
460
460
460
460
460
460
460
460
460
297.728511895683
350.913600225173
460
460
460
346.599218143063
460
460
460
460
460
460
460
460
460
460
460
460
460
242.872298744853
460
460
460
460
460
460
460
460
273.824021862793
460
460
460
460
460
460
460
460
460
460
460
460
460
460
460
460
172.023633076087
460
460
460
460
460
460
460
460
460
460
460
460
460
460
460
308.987687331515
339.497601146136
460
460
460
460
155.032682009179
460
460
460
460
149.348276368046
460
460
460
460
271.366518838377
460
460
460
460
460
460
460
306.692248628957
460
460
460
460
460
460
81.1536591760739
460
460
460
460
460
460
460
460
460
460
460
460
460
460
460
460
460
460
460
460
460
460
460
460
460
460
460
460
460
460
460
310.931811564867
460
460
